1,1.33E-10,5.08E-12,2.68E-08,0.056150925,2.40E-07,1.59E-06,1.62E-08,4.50E-09,0.000259551,9.01E-11,1.35E-07,1.28E-11,5.22E-06,1.82E-11,0.000259551,1.13E-05,8.23E-07,0.000382635,2.93E-07,1.63E-07,0.048415859,1.57E-09,3.32E-11,0.000259551,0.000259551,1.82E-09,2.53E-06,1.02E-06,1.37E-08,0.000126098,0.000259551,7.19E-09,0.086935395,1.59E-06,6.49E-05,0.000179431,0.000126098,0.000382635,0.00057677,0.000382635,0.00057677,4.74E-05,0.061436461,1.48E-05,1.59E-06,1.96E-05,0.000259551,0.000126098,0.000259551,0.000259551,0.00142763,0.000382635,0.048499824,0.000259551,0.000259551,0.000126098,0.000382635,0.00057677,0.000259551,0.000382635,8.99E-05,1.59E-06,8.99E-05,0.000126098,0.052711649,0.000179431,0.055266291,0.000382635,1.13E-05,0.00057677,0.00142763,0.051105774,0.002378498,0.000892798,0.000382635,0.000259551,0.000259551,8.23E-07,1.59E-06,6.71E-06,0.000179431,0.047332367,0.000382635,6.49E-05,0.000126098,0.000382635,0.000259551,0.000179431,0.000259551,0.000382635,0.082350216,0.000259551,0.00057677,8.99E-05,0.053408984,1.13E-05,0.000382635,0.022904548,0.139568913,0.000382635,0.000382635,0.000382635,0.000382635,0.000892798,0.000179431,0.000382635,0.059697832,0.000382635,0.000382635,0.00057677,0.000382635,0.059437265,0.00142763,0.03476801,0.000382635,0.000892798,0.000892798,0.053990082,0.00057677,0.000259551,0.000259551,8.99E-05,0.051767025,0.000382635,0.000382635,0.00057677,0.000179431,0.000382635,0.016066466,0.000382635,0.00057677,0.000892798,0.00142763,0.000892798,0.059947427,0.000892798,0.000892798,0.00057677,0.062098575,0.000892798,0.000382635,0.07917676,0.000259551,0.00057677,0.000382635,0.000892798,0.058844496,0.000892798,0.000892798,0.000892798,0.000892798,0.082634671,0.000892798,0.00057677,0.000892798,0.00057677,0.000892798,0.000892798,0.000382635,0.082139987,0.000382635,0.000382635,0.00057677,0.00057677,0.000382635,0.064329885,0.000382635,0.000259551,0.000382635,0.000259551,0.065489888,0.000126098,0.056830563,0.084481439,0.000382635,0.000382635,0.000382635,0.000382635,0.000382635,0.000382635,0.000382635,0.000382635,0.000382635,0.000892798,0.000892798,0.000892798,0.000892798,0.000382635
1.33E-10,1,0.090769951,0.087298032,1.16E-10,0.10863348,0.076985755,0.094445007,0.082592149,0.041106056,0.087710616,0.074761188,0.080342667,0.105090623,0.078627868,2.93E-10,0.125549122,0.105003507,1.16E-10,0.421325223,0.09253415,0.031152382,0.039627201,0.101227569,2.24E-10,0.078588683,0.040404575,0.114521257,0.086422152,0.087232692,0.091594953,1.33E-10,0.118103931,1.82E-11,0.085315083,1.72E-10,1.51E-10,1.72E-10,0.035497771,1.02E-10,0.087710616,1.72E-10,0.075991614,1.02E-10,0.043652098,0.089993209,0.031393045,1.33E-10,1.72E-10,1.72E-10,1.72E-10,1.72E-10,1.51E-10,0.028550403,2.24E-10,1.72E-10,2.24E-10,1.51E-10,0.08161314,1.33E-10,1.51E-10,0.161307288,2.24E-10,5.80E-10,1.72E-10,1.51E-10,0.115569979,1.72E-10,1.96E-10,0.041106057,0.056132132,1.33E-10,0.029284724,0.039375259,1.16E-10,0.037242513,0.080755771,0.101227569,0.035497771,0.167717901,3.76E-11,0.125513005,1.16E-10,1.16E-10,7.94E-11,0.030656131,1.16E-10,0.291814913,0.086422152,2.24E-10,1.51E-10,1.72E-10,0.041251932,0.036989047,0.020057544,0.03147199,0.074818268,0.109036921,1.72E-10,1.16E-10,1.16E-10,1.51E-10,0.037463018,0.107860928,0.05011682,0.03409626,0.043713118,2.56E-10,1.51E-10,0.042107696,1.72E-10,1.51E-10,1.51E-10,1.72E-10,1.16E-10,0.039627076,1.51E-10,1.51E-10,1.96E-10,1.72E-10,0.097612193,1.33E-10,0.037972201,1.33E-10,1.51E-10,0.043978901,0.090830869,0.091140445,1.51E-10,1.16E-10,0.039057255,1.72E-10,1.51E-10,0.058122492,1.51E-10,1.51E-10,0.056132132,0.101227569,0.046097936,1.51E-10,1.51E-10,1.16E-10,1.33E-10,0.060520268,1.72E-10,1.16E-10,1.51E-10,1.51E-10,1.51E-10,1.51E-10,0.046097936,1.51E-10,1.51E-10,1.51E-10,1.72E-10,0.037463018,1.33E-10,0.156616793,1.51E-10,0.092534149,1.51E-10,0.077858341,1.51E-10,1.72E-10,1.72E-10,0.081045502,1.33E-10,0.050301344,1.33E-10,1.51E-10,0.08226584,1.16E-10,0.108633479,1.51E-10,1.51E-10,1.51E-10,1.51E-10,1.51E-10,0.042107472,0.042107696,1.51E-10,1.51E-10,0.081809985,0.041105634,1.51E-10,1.51E-10,1.51E-10,1.51E-10,1.51E-10
5.08E-12,0.090769951,1,0.208058321,4.54E-12,0.153285196,0.145055465,0.046151479,0.036878275,0.221501528,0.035530192,0.181952524,0.093608468,0.128163512,0.169432888,6.38E-12,0.343826158,0.050520481,2.91E-12,0.068634293,0.045346481,0.036318183,0.044681543,0.127310025,4.06E-12,0.190038803,0.0867343,0.061698923,0.091210209,0.048678786,0.050822233,4.06E-12,0.161390474,4.73E-13,0.165234903,5.08E-12,4.54E-12,6.38E-12,0.058801829,4.06E-12,0.035530192,5.08E-12,0.088287427,4.06E-12,0.048464116,0.039693542,0.042489799,4.06E-12,5.08E-12,5.08E-12,5.08E-12,5.08E-12,3.63E-12,0.029331703,0.023981343,0.027338784,8.02E-12,3.63E-12,4.06E-12,4.06E-12,3.63E-12,0.104565413,4.06E-12,1.14E-11,4.06E-12,3.63E-12,4.54E-12,4.06E-12,4.54E-12,0.221501528,0.069931662,0.03320724,0.029988731,0.03859208,0.104480459,0.042382794,0.069074957,0.127310025,0.058801829,0.079966985,2.09E-12,0.066692348,2.91E-12,2.91E-12,2.09E-12,4.06E-12,2.91E-12,0.093819269,0.091210209,5.08E-12,3.63E-12,4.06E-12,0.046219331,0.036624822,3.63E-12,3.63E-12,0.135192692,3.63E-12,4.06E-12,3.63E-12,0.026453569,3.63E-12,0.069926479,3.63E-12,4.54E-12,0.064575414,0.048519715,5.69E-12,3.63E-12,0.047026512,4.06E-12,3.63E-12,3.63E-12,4.06E-12,2.91E-12,0.214311307,3.63E-12,3.63E-12,4.54E-12,5.08E-12,2.60E-12,3.25E-12,0.037437151,3.25E-12,3.63E-12,0.023635112,0.075383867,0.044758283,3.63E-12,2.91E-12,0.182323254,4.06E-12,3.63E-12,4.06E-12,3.63E-12,3.63E-12,0.069931662,0.127310025,0.059342697,3.63E-12,3.63E-12,2.91E-12,3.25E-12,0.087657379,4.06E-12,2.91E-12,3.63E-12,3.63E-12,0.077355256,3.63E-12,0.059342697,3.63E-12,0.106729579,0.075540652,4.06E-12,0.069926479,0.04875954,3.63E-12,3.63E-12,0.045346481,3.63E-12,0.222218694,3.63E-12,4.06E-12,4.06E-12,0.042536722,3.25E-12,0.063864496,2.60E-12,2.91E-12,0.061711529,2.91E-12,0.153285196,3.63E-12,3.63E-12,3.63E-12,3.63E-12,3.63E-12,0.157680442,0.047026512,3.63E-12,3.63E-12,2.91E-12,0.039989771,3.63E-12,0.024418005,3.63E-12,3.63E-12,3.63E-12
2.68E-08,0.087298032,0.208058321,1,1.62E-08,0.053843906,0.145531052,0.040112385,0.030363662,0.235646679,0.169440157,0.184599306,0.029601974,0.052229036,0.117064205,1.91E-08,0.061441066,0.266941374,4.51E-08,0.063352335,0.039367205,0.035410809,0.044160181,0.042738031,1.91E-08,0.193311901,0.089326859,0.05651131,0.027671453,0.043948909,0.045992253,3.78E-08,0.163095286,2.85E-09,0.166924326,1.91E-08,2.26E-08,1.91E-08,0.059348036,2.68E-08,0.16944018,3.78E-08,0.08563267,3.78E-08,0.048196363,0.032844348,0.042013207,2.68E-08,5.38E-08,3.78E-08,3.78E-08,2.68E-08,3.18E-08,0.027986067,1.91E-08,3.78E-08,1.91E-08,3.18E-08,2.68E-08,2.68E-08,3.18E-08,0.110317521,2.11E-09,3.18E-08,1.91E-08,3.18E-08,3.18E-08,3.78E-08,3.18E-08,0.235646655,0.07150465,3.78E-08,0.028651413,0.03753057,3.18E-08,0.041731572,0.065487985,0.042738057,0.059348023,0.076677345,7.19E-09,0.061426243,3.18E-08,3.18E-08,1.37E-08,1.91E-08,3.18E-08,0.090457758,0.027671491,2.68E-08,3.18E-08,2.68E-08,0.045795004,0.035472373,1.62E-08,4.51E-08,0.135082748,4.51E-08,5.38E-08,3.18E-08,3.18E-08,3.18E-08,0.071314664,4.51E-08,4.51E-08,0.065473139,0.048256076,6.44E-08,4.51E-08,0.046656506,5.38E-08,4.51E-08,4.51E-08,2.68E-08,3.18E-08,0.226167647,3.18E-08,3.18E-08,3.18E-08,3.78E-08,2.68E-08,2.68E-08,0.036320045,2.68E-08,4.51E-08,0.021669611,0.071418312,0.099661024,3.18E-08,3.18E-08,0.190483579,5.38E-08,3.18E-08,3.78E-08,3.18E-08,3.18E-08,0.071504644,0.042738062,0.05988969,3.18E-08,3.18E-08,4.51E-08,5.38E-08,0.090429811,3.78E-08,3.18E-08,4.51E-08,4.51E-08,4.51E-08,4.51E-08,0.059889709,4.51E-08,4.51E-08,4.51E-08,3.78E-08,0.071314664,5.38E-08,4.51E-08,4.51E-08,0.039367234,3.18E-08,0.161076174,3.18E-08,3.78E-08,3.78E-08,0.037385462,3.78E-08,0.06481249,2.68E-08,3.18E-08,0.057302419,3.18E-08,0.053843952,3.18E-08,3.18E-08,3.18E-08,3.18E-08,3.18E-08,0.165841106,0.046656492,4.51E-08,3.18E-08,3.18E-08,0.039002986,4.51E-08,4.51E-08,4.51E-08,4.51E-08,3.18E-08
0.056150925,1.16E-10,4.54E-12,1.62E-08,1,4.39E-07,5.39E-07,1.37E-08,2.85E-09,4.74E-05,0.049769546,3.78E-08,1.14E-11,4.08E-06,1.28E-11,2.61E-05,3.20E-06,0.086981241,6.49E-05,1.12E-07,6.44E-08,3.50E-05,1.02E-09,3.76E-11,2.61E-05,4.74E-05,2.11E-09,1.27E-06,8.23E-07,4.50E-09,2.61E-05,4.74E-05,3.31E-09,8.23E-07,8.23E-07,1.48E-05,3.50E-05,2.61E-05,1.13E-05,4.74E-05,0.049804545,4.74E-05,6.71E-06,0.02103379,4.08E-06,2.00E-06,2.00E-06,2.61E-05,2.61E-05,2.61E-05,4.74E-05,0.064712304,6.49E-05,0.052979831,4.74E-05,4.74E-05,1.48E-05,6.49E-05,4.74E-05,0.056539699,6.49E-05,3.50E-05,2.40E-07,1.13E-05,2.61E-05,6.49E-05,6.49E-05,8.99E-05,0.031039093,3.20E-06,4.74E-05,8.99E-05,4.74E-05,3.50E-05,6.49E-05,6.49E-05,4.74E-05,2.61E-05,2.93E-07,5.39E-07,3.20E-06,3.50E-05,6.49E-05,6.49E-05,1.48E-05,1.48E-05,6.49E-05,4.74E-05,3.50E-05,2.61E-05,6.49E-05,4.74E-05,4.74E-05,8.99E-05,3.50E-05,6.49E-05,8.69E-06,6.49E-05,8.99E-05,6.49E-05,6.49E-05,6.49E-05,6.49E-05,6.49E-05,6.49E-05,3.50E-05,6.49E-05,0.062123645,6.49E-05,6.49E-05,8.99E-05,6.49E-05,6.49E-05,8.99E-05,0.000126098,6.49E-05,6.49E-05,6.49E-05,6.49E-05,4.74E-05,4.74E-05,4.74E-05,1.96E-05,4.74E-05,6.49E-05,6.49E-05,4.74E-05,0.02967666,0.07472861,6.49E-05,6.49E-05,8.99E-05,6.49E-05,8.99E-05,6.49E-05,6.49E-05,6.49E-05,6.49E-05,4.74E-05,0.075872703,6.49E-05,6.49E-05,0.063358486,8.99E-05,8.99E-05,6.49E-05,0.000126098,0.000126098,0.000126098,0.000126098,0.000126098,0.000126098,0.000126098,0.000126098,0.091700061,0.000126098,8.99E-05,0.000126098,0.000126098,0.000126098,0.000126098,0.000126098,6.49E-05,8.99E-05,8.99E-05,6.49E-05,8.99E-05,6.49E-05,4.74E-05,6.49E-05,4.74E-05,0.02370927,2.61E-05,0.026249912,0.278697311,6.49E-05,0.096426616,0.000126098,0.000126098,0.000126098,6.49E-05,6.49E-05,6.49E-05,6.49E-05,0.000126098,0.000126098,0.000126098,0.000126098,6.49E-05
2.40E-07,0.10863348,0.153285196,0.053843906,4.39E-07,1,0.048145974,0.061064581,0.051283617,0.024600632,0.05173493,0.046947442,0.130104683,0.165520084,0.123015512,8.23E-07,0.218219013,0.06698937,4.39E-07,0.086432958,0.05997552,0.020455471,0.025283724,0.168682815,0.070596054,0.127811874,0.025712615,0.201802263,0.132770995,0.158426868,0.165538735,0.041400685,0.07960503,2.68E-08,0.145347663,2.40E-07,4.39E-07,5.39E-07,0.020740155,5.39E-07,0.051735222,0.055126918,0.050320087,3.58E-07,0.027482775,0.055293489,0.021995039,2.40E-07,5.39E-07,5.39E-07,5.39E-07,8.23E-07,6.65E-07,0.017907736,0.033395672,0.038199077,0.037657463,6.65E-07,5.39E-07,8.23E-07,6.65E-07,0.116796231,3.78E-08,6.65E-07,5.39E-07,6.65E-07,1.02E-06,5.39E-07,1.02E-06,0.024600632,0.036622507,0.044115021,0.018316737,0.023714829,0.050279566,0.023952923,0.055360961,0.168683354,0.020739885,0.065259358,7.72E-08,0.083924332,4.39E-07,4.39E-07,1.63E-07,1.63E-07,4.39E-07,0.112380398,0.132771176,0.032686762,4.39E-07,3.58E-07,0.026177969,0.022474618,2.93E-07,4.39E-07,0.129215303,6.65E-07,8.23E-07,4.39E-07,0.036929188,0.040841643,0.022722557,6.65E-07,4.39E-07,0.020941937,0.027515918,1.02E-06,6.65E-07,0.026646442,8.23E-07,4.39E-07,4.39E-07,2.40E-07,4.39E-07,0.02528409,4.39E-07,4.39E-07,2.93E-07,5.39E-07,3.58E-07,3.58E-07,0.022987307,3.58E-07,4.39E-07,0.063569542,0.058933536,0.059179368,4.39E-07,4.39E-07,0.026752038,8.23E-07,4.39E-07,5.39E-07,4.39E-07,4.39E-07,0.036621898,0.168683253,0.030938187,4.39E-07,4.39E-07,6.65E-07,8.23E-07,0.042429828,5.39E-07,4.39E-07,6.65E-07,6.65E-07,0.039204463,6.65E-07,0.030938495,0.062106813,0.051389694,0.040447937,8.23E-07,0.022722557,0.16116899,6.65E-07,6.65E-07,0.059976153,6.65E-07,0.347584715,6.65E-07,5.39E-07,5.39E-07,0.054794226,3.58E-07,0.033358659,3.58E-07,4.39E-07,0.054031681,4.39E-07,0.500000358,6.65E-07,6.65E-07,4.39E-07,4.39E-07,6.65E-07,0.02664632,0.026646442,6.65E-07,4.39E-07,4.39E-07,0.024599821,4.39E-07,0.035665288,4.39E-07,4.39E-07,6.65E-07
1.59E-06,0.076985755,0.145055465,0.145531052,5.39E-07,0.048145974,1,0.0357867,0.027122233,0.156308855,0.024690811,0.128020992,0.026510194,0.088347141,0.154719963,2.53E-06,0.054147959,0.03900735,0.039473259,0.055630044,0.035190649,0.039373928,0.04798986,0.037869389,1.02E-06,0.133467811,0.096877574,0.094806258,0.024396613,0.040060981,0.041758639,2.53E-06,0.217918588,6.44E-08,0.150717053,4.39E-07,8.23E-07,4.39E-07,0.070904324,1.59E-06,0.024691634,2.53E-06,0.08898203,1.02E-06,0.051835753,0.029093708,0.044965801,1.02E-06,1.59E-06,1.59E-06,2.53E-06,2.53E-06,1.27E-06,0.032738962,1.59E-06,1.02E-06,2.53E-06,1.27E-06,1.59E-06,1.02E-06,1.27E-06,0.097234631,1.98E-07,5.22E-06,0.028008697,1.27E-06,1.27E-06,1.59E-06,0.022458437,0.156308271,0.072330397,2.53E-06,0.033441615,0.042518095,2.00E-06,0.045639507,0.063934672,0.037870983,0.070903127,0.073962716,1.35E-07,0.135468923,1.27E-06,1.27E-06,4.39E-07,1.02E-06,1.27E-06,0.079438521,0.024397301,2.53E-06,1.27E-06,2.53E-06,0.049558919,0.040462568,0.013437624,2.00E-06,0.144625359,1.27E-06,1.59E-06,1.27E-06,1.27E-06,2.00E-06,0.081234141,2.00E-06,3.20E-06,0.075316518,0.051893307,3.20E-06,2.00E-06,0.050379367,2.53E-06,1.27E-06,1.27E-06,1.59E-06,1.27E-06,0.156677514,1.27E-06,1.27E-06,2.00E-06,2.53E-06,1.02E-06,1.59E-06,0.041312161,1.02E-06,1.27E-06,0.02251309,0.068956734,0.140417242,1.27E-06,0.016219017,0.133494158,1.59E-06,2.00E-06,0.02160998,2.00E-06,2.00E-06,0.072331072,0.037871392,0.061919514,2.00E-06,2.00E-06,1.27E-06,1.59E-06,0.088899038,2.53E-06,1.27E-06,2.00E-06,0.017742883,2.00E-06,2.00E-06,0.061919923,2.00E-06,2.00E-06,2.00E-06,2.53E-06,0.081234141,1.59E-06,2.00E-06,0.028009106,0.035191683,1.27E-06,0.120727026,2.00E-06,2.53E-06,2.53E-06,0.034009468,1.59E-06,0.066386843,1.02E-06,1.27E-06,0.056360267,1.27E-06,0.048146884,2.00E-06,2.00E-06,2.00E-06,2.00E-06,2.00E-06,0.179069189,0.050379367,2.00E-06,2.00E-06,1.27E-06,0.043972628,2.00E-06,2.00E-06,2.00E-06,2.00E-06,1.27E-06
1.62E-08,0.094445007,0.046151479,0.040112385,1.37E-08,0.061064581,0.0357867,1,0.123413867,0.018377842,0.036946557,0.112599067,0.037248712,0.05928263,0.040549777,1.62E-08,0.069406542,0.052520815,7.19E-09,0.071494887,0.151423498,0.015993921,0.019822832,0.050850382,6.14E-09,0.036519762,0.02016369,0.064000698,0.036466683,0.132106333,0.052373662,0.049587636,0.065770123,5.80E-10,0.043654827,1.16E-08,9.90E-09,8.43E-09,0.014824331,1.16E-08,0.036946565,8.43E-09,0.039313141,8.43E-09,0.021573286,0.133193492,0.018105724,1.16E-08,0.03053542,0.03053542,0.08056208,1.16E-08,7.19E-09,0.013318857,8.43E-09,6.14E-09,0.059170009,7.19E-09,8.43E-09,8.43E-09,7.19E-09,0.110659482,1.82E-09,2.68E-08,6.14E-09,7.19E-09,7.19E-09,0.047832997,9.90E-09,0.018377868,0.030347258,1.16E-08,0.013627053,0.017705798,9.90E-09,0.018764955,0.113951396,0.050850393,0.014824306,0.053784764,2.45E-09,0.069390045,9.90E-09,7.19E-09,3.31E-09,4.50E-09,7.19E-09,0.097750799,0.036466681,1.16E-08,7.19E-09,8.43E-09,0.020533444,0.01676622,7.19E-09,9.90E-09,0.106469425,9.90E-09,1.16E-08,7.19E-09,7.19E-09,9.90E-09,0.016953425,7.19E-09,9.90E-09,0.015606456,0.0215992,9.90E-09,7.19E-09,0.020906621,8.43E-09,9.90E-09,9.90E-09,1.62E-08,9.90E-09,0.019822783,9.90E-09,9.90E-09,1.91E-08,1.62E-08,6.14E-09,8.43E-09,0.017154098,8.43E-09,9.90E-09,0.06590289,0.046083381,0.046321135,9.90E-09,7.19E-09,0.041606169,8.43E-09,9.90E-09,1.16E-08,9.90E-09,9.90E-09,0.03034726,0.050850391,0.025570891,9.90E-09,9.90E-09,7.19E-09,8.43E-09,0.036905884,0.057523349,7.19E-09,9.90E-09,9.90E-09,9.90E-09,9.90E-09,0.025570893,9.90E-09,9.90E-09,9.90E-09,1.16E-08,0.016953427,1.16E-08,9.90E-09,9.90E-09,0.151423488,9.90E-09,0.040188874,9.90E-09,1.16E-08,1.16E-08,0.043801086,8.43E-09,0.027602142,6.14E-09,0.251041885,0.042245484,7.19E-09,0.061064582,9.90E-09,9.90E-09,7.19E-09,7.19E-09,0.030977927,0.020906527,0.020906624,9.90E-09,9.90E-09,7.19E-09,0.018376418,0.057523351,9.90E-09,9.90E-09,9.90E-09,9.90E-09
4.50E-09,0.082592149,0.036878275,0.030363662,2.85E-09,0.051283617,0.027122233,0.123413867,1,0.013849791,0.026556279,0.095856282,0.028237385,0.049816587,0.032479366,6.14E-09,0.058129872,0.041854887,2.11E-09,0.059837924,0.135666527,0.012801241,0.015797547,0.040551907,3.31E-09,0.027695736,0.016062817,0.053697901,0.026218083,0.210796345,0.044110862,0.101330541,0.055150414,2.56E-10,0.034920398,4.50E-09,3.86E-09,3.31E-09,0.010640384,3.31E-09,0.026556281,3.31E-09,0.031505757,2.45E-09,0.017158776,0.338199592,0.01527168,3.31E-09,0.048161832,0.048161833,0.187779888,4.50E-09,2.85E-09,0.010107185,3.31E-09,3.31E-09,0.062221618,2.85E-09,3.31E-09,3.31E-09,2.85E-09,0.101847071,2.45E-09,9.90E-09,4.50E-09,2.85E-09,2.85E-09,0.047719176,3.86E-09,0.013849801,0.025325856,3.31E-09,0.010336782,0.013355666,2.85E-09,0.014972084,0.098979444,0.040551911,0.01064038,0.045278355,5.80E-10,0.058116733,2.11E-09,2.11E-09,1.36E-09,2.45E-09,2.11E-09,0.085414946,0.026218081,4.50E-09,2.85E-09,3.31E-09,0.016350353,0.012663225,2.11E-09,2.85E-09,0.16309818,2.85E-09,3.31E-09,2.11E-09,2.11E-09,2.11E-09,0.012801065,2.85E-09,3.86E-09,0.011805916,0.017178775,5.25E-09,2.85E-09,0.016640979,3.31E-09,2.85E-09,2.85E-09,3.31E-09,2.11E-09,0.015797502,2.85E-09,2.85E-09,2.85E-09,3.31E-09,1.82E-09,1.82E-09,0.012948837,1.82E-09,2.11E-09,0.100114389,0.036786539,0.037011654,2.11E-09,2.11E-09,0.046514462,3.31E-09,2.85E-09,3.31E-09,2.85E-09,2.85E-09,0.025325855,0.040551909,0.021428131,2.85E-09,2.85E-09,2.85E-09,3.31E-09,0.032248712,0.057152851,2.11E-09,2.85E-09,2.85E-09,2.85E-09,2.85E-09,0.021428132,2.85E-09,2.85E-09,2.85E-09,3.31E-09,0.012801065,2.45E-09,2.85E-09,2.85E-09,0.13566651,2.11E-09,0.032195035,2.85E-09,3.31E-09,3.31E-09,0.035895068,2.45E-09,0.023089823,1.82E-09,0.051222742,0.033813417,2.11E-09,0.051283605,2.85E-09,2.85E-09,2.85E-09,2.85E-09,0.054451764,0.016640903,0.016640979,2.85E-09,2.11E-09,2.11E-09,0.013848194,0.057152851,2.85E-09,2.85E-09,2.85E-09,2.11E-09
0.000259551,0.041106056,0.221501528,0.235646679,4.74E-05,0.024600632,0.156308855,0.018377842,0.013849791,1,0.013157981,0.198504512,0.013432452,0.023721832,0.112701615,0.00057677,0.028992081,0.02069434,0.045734261,0.030058597,0.017965425,0.042800571,0.05474426,0.019857604,0.00057677,0.213896905,0.111211054,0.026093847,0.012940563,0.019334357,0.020966273,0.004183245,0.156141233,1.13E-05,0.171650625,0.000259551,0.000382635,0.000259551,0.074974292,0.004183245,0.015536479,0.00142763,0.076181444,0.004183245,0.061100755,0.015242416,0.048590992,0.00142763,0.00142763,0.00142763,0.00142763,0.00142763,0.007940352,0.037440584,0.00142763,0.004183245,0.000259551,0.007940352,0.004183245,0.004183245,0.007940352,0.155244203,6.65E-07,8.99E-05,0.00142763,0.007940352,0.002378498,0.004183245,0.002378498,0.302458078,0.094313895,0.004183245,0.038384048,0.050037662,0.007940352,0.05195406,0.05887564,0.021285234,0.074885662,0.055748814,3.50E-05,0.029810989,0.007940352,0.007940352,0.00057677,0.000126098,0.007940352,0.044405311,0.015318039,0.000259551,0.007940352,0.004183245,0.061464231,0.048572069,0.000892798,0.002378498,0.133987778,0.007940352,0.004183245,0.007940352,0.007940352,0.007940352,0.097442082,0.007940352,0.002378498,0.082867536,0.069122733,0.000892798,0.007940352,0.066573566,0.004183245,0.007940352,0.007940352,0.00057677,0.007940352,0.288314433,0.007940352,0.007940352,0.000892798,0.00142763,0.004183245,0.004183245,0.046108484,0.004183245,0.007940352,0.02895819,0.067732331,0.018049094,0.007940352,0.007940352,0.236251502,0.004183245,0.007940352,0.004183245,0.007940352,0.007940352,0.095264763,0.027797956,0.07837896,0.007940352,0.007940352,0.007940352,0.004183245,0.117932896,0.004183245,0.002378498,0.007940352,0.007940352,0.007940352,0.007940352,0.082136066,0.007940352,0.007940352,0.007940352,0.004183245,0.097442082,0.004183245,0.007940352,0.007940352,0.025905665,0.007940352,0.172282953,0.007940352,0.004183245,0.004183245,0.027691157,0.004183245,0.089841272,0.004183245,0.007940352,0.045967736,0.007940352,0.026027904,0.007940352,0.007940352,0.007940352,0.007940352,0.007940352,0.216352717,0.066573566,0.007940352,0.007940352,0.007940352,0.058001569,0.007940352,0.007940352,0.007940352,0.007940352,0.007940352
9.01E-11,0.087710616,0.035530192,0.169440157,0.049769546,0.05173493,0.024690811,0.036946557,0.026556279,0.013157981,1,0.024071403,0.025842604,0.050072672,0.030835426,1.51E-10,0.059655093,0.352017349,7.94E-11,0.061673932,0.036209885,0.01221074,0.015478038,0.039558724,9.01E-11,0.025287483,0.015775851,0.054496986,0.023155002,0.041662998,0.043720738,6.99E-11,0.056174837,1.62E-11,0.033423591,9.01E-11,6.17E-11,6.99E-11,0.009498233,6.99E-11,0.35284205,9.01E-11,0.029814882,6.99E-11,0.01702173,0.02889849,0.015002205,6.99E-11,6.99E-11,6.99E-11,9.01E-11,0.07582628,6.17E-11,0.009191024,9.01E-11,5.44E-11,1.16E-10,6.17E-11,6.99E-11,0.069617801,6.17E-11,0.120551853,1.51E-10,1.72E-10,6.99E-11,6.17E-11,7.94E-11,6.99E-11,0.036520415,0.013157981,0.026589682,9.01E-11,0.009424624,0.012614041,7.94E-11,0.014560311,0.035972409,0.039558724,0.009498233,0.045006043,1.62E-11,0.059639564,6.17E-11,6.17E-11,4.25E-11,6.99E-11,6.17E-11,0.091165914,0.023155001,9.01E-11,6.17E-11,9.01E-11,0.016100291,0.01186243,7.94E-11,1.02E-10,0.029359609,7.94E-11,9.01E-11,7.94E-11,6.17E-11,6.17E-11,0.012010992,7.94E-11,1.02E-10,0.010948636,0.017044694,0.073947053,7.94E-11,0.016430005,9.01E-11,7.94E-11,7.94E-11,9.01E-11,6.17E-11,0.015477989,7.94E-11,7.94E-11,1.33E-10,9.01E-11,6.99E-11,9.01E-11,0.012170828,9.01E-11,7.94E-11,0.02092132,0.035422949,0.126357963,0.092568987,6.17E-11,0.0186126,6.99E-11,7.94E-11,9.01E-11,7.94E-11,7.94E-11,0.026589682,0.039558724,0.021913357,7.94E-11,7.94E-11,6.17E-11,0.075671324,0.034418378,9.01E-11,6.17E-11,7.94E-11,7.94E-11,7.94E-11,7.94E-11,0.021913357,7.94E-11,7.94E-11,7.94E-11,0.110845407,0.012010992,6.99E-11,7.94E-11,7.94E-11,0.036209885,7.94E-11,0.030536622,7.94E-11,9.01E-11,9.01E-11,0.0346574,6.99E-11,0.023876932,6.99E-11,7.94E-11,0.032244724,6.17E-11,0.05173493,7.94E-11,0.110757344,7.94E-11,0.118027038,7.94E-11,0.016429919,0.016430005,6.17E-11,7.94E-11,6.17E-11,0.013156082,7.94E-11,7.94E-11,7.94E-11,7.94E-11,7.94E-11
1.35E-07,0.074761188,0.181952524,0.184599306,3.78E-08,0.046947442,0.128020992,0.112599067,0.095856282,0.198504512,0.024071403,1,0.02591844,0.045715197,0.103997452,9.27E-08,0.052620912,0.037963006,1.63E-07,0.054016623,0.233122114,0.031300329,0.037945633,0.036887734,9.27E-08,0.169694427,0.076564187,0.048962858,0.023792959,0.114753562,0.040864507,0.044536555,0.140778421,1.16E-08,0.147003734,6.44E-08,7.72E-08,6.44E-08,0.050476878,1.35E-07,0.02407148,1.98E-07,0.076340218,1.35E-07,0.040888047,0.102620119,0.03769459,1.35E-07,0.043078345,0.043078303,0.080591374,1.98E-07,1.12E-07,0.02467337,1.35E-07,1.35E-07,0.167561745,1.12E-07,1.35E-07,9.27E-08,1.12E-07,0.088623073,2.26E-08,1.12E-07,9.27E-08,1.12E-07,1.12E-07,0.128592123,1.12E-07,0.198504512,0.059836953,1.98E-07,0.025189277,0.031804991,1.63E-07,0.03613826,0.27517232,0.036887869,0.050476827,0.067920601,1.16E-08,0.052610349,1.12E-07,1.12E-07,4.51E-08,9.27E-08,1.12E-07,0.077066737,0.023793039,9.27E-08,1.12E-07,1.35E-07,0.039145772,0.030314264,7.72E-08,1.12E-07,0.179024919,1.12E-07,1.35E-07,1.12E-07,1.12E-07,1.63E-07,0.060841879,1.63E-07,2.40E-07,0.056538304,0.040930795,2.40E-07,1.63E-07,0.039774375,1.98E-07,1.12E-07,1.12E-07,1.35E-07,1.12E-07,0.19433982,1.12E-07,1.12E-07,1.12E-07,1.35E-07,9.27E-08,1.35E-07,0.030930566,9.27E-08,1.12E-07,0.054151743,0.062433755,0.03393541,1.12E-07,1.12E-07,0.192729659,1.98E-07,1.63E-07,1.98E-07,1.63E-07,1.63E-07,0.059836918,0.036887897,0.051481231,1.63E-07,1.63E-07,1.12E-07,1.35E-07,0.077049231,0.151471636,1.12E-07,1.63E-07,1.63E-07,1.63E-07,1.63E-07,0.051481259,1.63E-07,1.63E-07,1.63E-07,1.98E-07,0.060841879,1.35E-07,1.63E-07,1.63E-07,0.372375949,1.12E-07,0.143242941,1.12E-07,1.35E-07,1.35E-07,0.033316446,1.35E-07,0.055077847,1.35E-07,0.045687137,0.050662992,1.12E-07,0.046947515,1.12E-07,1.12E-07,1.63E-07,1.63E-07,0.049582444,0.141378286,0.039774375,1.12E-07,1.12E-07,1.12E-07,0.032855217,0.151471601,1.63E-07,1.63E-07,1.63E-07,1.12E-07
1.28E-11,0.080342667,0.093608468,0.029601974,1.14E-11,0.130104683,0.026510194,0.037248712,0.028237385,0.013432452,0.025842604,0.02591844,1,0.197247833,0.133945941,1.28E-11,0.147000778,0.040738109,9.00E-12,0.058162216,0.036605224,0.012523179,0.0153763,0.203616501,8.02E-12,0.027060524,0.015627478,0.052344523,0.399254474,0.041386128,0.043193318,1.01E-11,0.053723822,2.09E-12,0.034139393,1.28E-11,9.00E-12,1.28E-11,0.010337521,1.01E-11,0.025842604,1.01E-11,0.030868578,8.02E-12,0.016662974,0.030370853,0.014979961,1.01E-11,1.01E-11,1.01E-11,1.01E-11,1.01E-11,7.15E-12,0.009882993,0.155747351,0.108105716,1.28E-11,7.15E-12,8.02E-12,8.02E-12,7.15E-12,0.097940989,1.01E-11,1.82E-11,6.38E-12,7.15E-12,9.00E-12,8.02E-12,9.00E-12,0.013432452,0.024533798,0.138450329,0.010102425,0.012967144,0.033897706,0.014593142,0.036322467,0.10269378,0.010337521,0.044312166,5.08E-12,0.056534799,7.15E-12,7.15E-12,5.08E-12,8.02E-12,7.15E-12,0.083011338,0.399254474,1.28E-11,9.00E-12,8.02E-12,0.015899485,0.012313392,9.00E-12,1.14E-11,0.030449607,9.00E-12,1.01E-11,7.15E-12,0.104644456,9.00E-12,0.012443658,9.00E-12,1.14E-11,0.011501233,0.01668182,1.14E-11,9.00E-12,0.016174234,1.01E-11,9.00E-12,9.00E-12,1.01E-11,7.15E-12,0.015376259,9.00E-12,9.00E-12,1.44E-11,1.28E-11,6.38E-12,8.02E-12,0.012583234,1.01E-11,9.00E-12,0.020048468,0.035916524,0.036135588,9.00E-12,7.15E-12,0.018120891,1.01E-11,9.00E-12,1.01E-11,9.00E-12,9.00E-12,0.024533798,0.363772593,0.020858281,9.00E-12,9.00E-12,7.15E-12,8.02E-12,0.031341494,1.01E-11,7.15E-12,9.00E-12,9.00E-12,0.023879966,9.00E-12,0.020858281,9.00E-12,0.034619471,0.022075384,1.01E-11,0.012443658,0.04124887,9.00E-12,9.00E-12,0.036605224,9.00E-12,0.081966161,7.15E-12,8.02E-12,8.02E-12,0.035167111,8.02E-12,0.022429602,8.02E-12,9.00E-12,0.03308062,7.15E-12,0.130104683,9.00E-12,9.00E-12,9.00E-12,9.00E-12,9.00E-12,0.016174162,0.016174234,9.00E-12,9.00E-12,9.00E-12,0.013430884,9.00E-12,0.163864138,9.00E-12,9.00E-12,9.00E-12
5.22E-06,0.105090623,0.128163512,0.052229036,4.08E-06,0.165520084,0.088347141,0.05928263,0.049816587,0.023721832,0.050072672,0.045715197,0.197247833,1,0.362240259,8.69E-06,0.187084429,0.064851042,1.13E-05,0.083535301,0.058255732,0.019935284,0.024477095,0.264828499,3.20E-06,0.047742875,0.024878795,0.149372434,0.194111899,0.059385551,0.061988082,8.69E-06,0.153318852,1.63E-07,0.107963973,2.00E-06,4.08E-06,5.22E-06,0.020037933,5.22E-06,0.050076748,1.48E-05,0.049106549,8.69E-06,0.026533706,0.053592121,0.021495858,3.20E-06,8.69E-06,1.48E-05,8.69E-06,5.22E-06,6.71E-06,0.017437552,0.062234435,0.070870673,5.22E-06,6.71E-06,5.22E-06,8.69E-06,6.71E-06,0.111423606,2.40E-07,1.96E-05,8.69E-06,6.71E-06,1.13E-05,8.69E-06,1.13E-05,0.023713502,0.035258091,0.086091945,0.017825195,0.022893038,0.039679856,0.023234066,0.05406287,0.140647678,0.020033992,0.063594683,1.27E-06,0.161370069,6.71E-06,6.71E-06,2.00E-06,3.20E-06,6.71E-06,0.1086013,0.194115735,8.69E-06,1.13E-05,5.22E-06,0.025319034,0.021740272,1.13E-05,6.71E-06,0.048437585,6.71E-06,8.69E-06,6.71E-06,0.068595948,6.71E-06,0.021974308,1.13E-05,1.13E-05,0.020301401,0.02657386,1.96E-05,1.13E-05,0.025762709,1.48E-05,6.71E-06,6.71E-06,5.22E-06,6.71E-06,0.024483741,6.71E-06,6.71E-06,1.13E-05,8.69E-06,5.22E-06,5.22E-06,0.022221976,5.22E-06,6.71E-06,0.028793822,0.057271797,0.114294689,1.13E-05,6.71E-06,0.026018718,8.69E-06,6.71E-06,8.69E-06,6.71E-06,6.71E-06,0.035260718,0.264835212,0.02995832,6.71E-06,6.71E-06,6.71E-06,8.69E-06,0.041008525,1.48E-05,6.71E-06,1.13E-05,1.13E-05,0.029394372,1.13E-05,0.029964418,1.13E-05,0.04053184,0.028664001,8.69E-06,0.021974308,0.048317568,1.13E-05,1.13E-05,0.058266983,1.13E-05,0.112194435,1.13E-05,1.48E-05,1.48E-05,0.053476814,8.69E-06,0.032222939,5.22E-06,6.71E-06,0.052640255,6.71E-06,0.165523088,6.71E-06,1.13E-05,1.13E-05,1.13E-05,6.71E-06,0.025757993,0.025758107,1.13E-05,1.13E-05,6.71E-06,0.02371874,1.13E-05,0.063284406,1.13E-05,1.13E-05,6.71E-06
1.82E-11,0.078627868,0.169432888,0.117064205,1.28E-11,0.123015512,0.154719963,0.040549777,0.032479366,0.112701615,0.030835426,0.103997452,0.133945941,0.362240259,1,2.94E-11,0.137007329,0.043884804,2.05E-11,0.059228188,0.039927001,0.032345326,0.038816205,0.187337371,2.31E-11,0.108088993,0.075185167,0.107308415,0.12366044,0.043750599,0.045474367,2.31E-11,0.262248622,4.54E-12,0.135800374,1.44E-11,2.05E-11,1.82E-11,0.05063181,1.44E-11,0.030835426,2.94E-11,0.079232373,1.82E-11,0.041639579,0.034643439,0.038351211,1.14E-11,1.44E-11,2.31E-11,2.31E-11,2.31E-11,2.05E-11,0.026062753,0.042362479,0.04745775,1.82E-11,2.05E-11,2.31E-11,2.31E-11,2.05E-11,0.085816493,1.44E-11,2.61E-11,1.82E-11,2.05E-11,2.05E-11,2.31E-11,2.61E-11,0.112701615,0.059385075,0.06085881,0.026580363,0.033126491,0.029763165,0.03706924,0.062170096,0.098399257,0.05063181,0.071356422,5.69E-12,0.114832262,2.05E-11,1.62E-11,9.00E-12,1.44E-11,1.62E-11,0.080905749,0.12366044,2.31E-11,2.05E-11,1.82E-11,0.039970914,0.031666314,1.01E-11,1.62E-11,0.121497248,2.05E-11,2.31E-11,1.62E-11,0.046131537,1.62E-11,0.060371351,2.05E-11,2.61E-11,0.056340513,0.041680438,2.61E-11,2.05E-11,0.040573868,2.31E-11,1.62E-11,1.62E-11,1.82E-11,1.62E-11,0.117441723,1.62E-11,1.62E-11,2.05E-11,2.31E-11,1.82E-11,1.82E-11,0.032271238,1.82E-11,2.05E-11,0.020645324,0.066485129,0.078448732,1.62E-11,1.62E-11,0.100683921,1.82E-11,2.05E-11,2.31E-11,2.05E-11,2.05E-11,0.059385075,0.187337371,0.051570117,2.05E-11,2.05E-11,2.05E-11,2.31E-11,0.075595375,1.82E-11,1.62E-11,2.05E-11,2.05E-11,0.021074606,2.05E-11,0.051570117,2.05E-11,0.030318192,0.019044068,2.31E-11,0.060371351,0.03528479,2.05E-11,2.05E-11,0.039927001,1.62E-11,0.144028985,2.05E-11,2.31E-11,2.31E-11,0.038162557,1.82E-11,0.054951851,1.82E-11,2.05E-11,0.054974619,2.05E-11,0.123015512,1.62E-11,2.05E-11,1.62E-11,1.62E-11,2.05E-11,0.136044985,0.040573868,1.62E-11,1.62E-11,1.62E-11,0.034150375,2.05E-11,0.040074825,2.05E-11,2.05E-11,2.05E-11
0.000259551,2.93E-10,6.38E-12,1.91E-08,2.61E-05,8.23E-07,2.53E-06,1.62E-08,6.14E-09,0.00057677,1.51E-10,9.27E-08,1.28E-11,8.69E-06,2.94E-11,1,6.49E-05,3.20E-06,0.000892798,4.39E-07,3.58E-07,0.000179431,2.85E-09,6.99E-11,0.00057677,0.000259551,1.82E-09,4.08E-06,1.59E-06,1.91E-08,0.058166968,0.000259551,9.90E-09,0.034122402,4.08E-06,0.07542648,0.061252614,0.093604026,0.000179431,0.000259551,0.000382635,0.000259551,2.61E-05,0.000259551,1.48E-05,4.08E-06,0.054621551,0.000259551,0.000126098,0.000259551,0.000259551,0.00142763,0.000892798,0.00057677,0.00057677,0.00057677,0.00057677,0.000892798,0.00142763,0.00057677,0.212111797,0.000179431,4.08E-06,0.087309897,0.00057677,0.000892798,0.000382635,0.00057677,0.002378498,6.71E-06,0.00057677,0.00057677,0.000259551,0.000892798,0.000382635,0.000179431,0.000126098,0.00057677,8.23E-07,1.59E-06,6.71E-06,0.000179431,0.02847972,0.105836782,0.028125248,6.49E-05,0.000382635,0.000259551,0.000179431,0.074957675,0.000382635,0.114954711,0.000259551,0.000259551,8.99E-05,0.000382635,1.96E-05,0.013409517,0.025705469,0.000382635,0.000382635,0.02610466,0.000382635,0.000382635,0.000382635,0.000179431,0.000382635,0.000382635,0.000382635,0.000382635,0.417295712,0.07702127,0.195997296,0.028320192,0.000382635,0.000382635,0.000892798,0.000892798,0.070789858,0.078538566,0.000259551,0.000259551,8.99E-05,0.06852534,0.000382635,0.000179431,0.01708467,0.000179431,0.000382635,0.013494863,0.000382635,0.070744418,0.000892798,0.050311565,0.000892798,0.196507458,0.002378498,0.000892798,0.00057677,0.000892798,0.000892798,0.000382635,0.00057677,0.00057677,0.00057677,0.097855658,0.000892798,0.000892798,0.000892798,0.044476929,0.000892798,0.000892798,0.000892798,0.000892798,0.00057677,0.000892798,0.00057677,0.000892798,0.000892798,0.000382635,0.000382635,0.000382635,0.039184121,0.00057677,0.055318976,0.027386224,0.000259551,0.000382635,0.000259551,0.000382635,0.000259551,0.000382635,0.000126098,0.000892798,0.000892798,0.070550284,0.000382635,0.000382635,0.000382635,0.000382635,0.000382635,0.000382635,0.070120892,0.000382635,0.000382635,0.000382635,0.000382635,0.000382635,0.000382635
1.13E-05,0.125549122,0.343826158,0.061441066,3.20E-06,0.218219013,0.054147959,0.069406542,0.058129872,0.028992081,0.059655093,0.052620912,0.147000778,0.187084429,0.137007329,6.49E-05,1,0.077163159,8.99E-05,0.10034691,0.068003343,0.022985444,0.029120522,0.193379944,6.49E-05,0.055348841,0.02969112,0.088494428,0.15279984,0.067414028,0.07081874,6.49E-05,0.091258728,6.65E-07,0.062701591,1.96E-05,4.74E-05,3.50E-05,0.024157029,3.50E-05,0.059681166,3.50E-05,0.055854674,3.50E-05,0.032079575,0.063336639,0.024262974,1.96E-05,6.49E-05,6.49E-05,6.49E-05,6.49E-05,8.99E-05,0.020159999,0.038214008,0.044653781,6.49E-05,8.99E-05,6.49E-05,6.49E-05,8.99E-05,0.144697276,4.39E-07,2.61E-05,3.50E-05,8.99E-05,8.99E-05,6.49E-05,8.99E-05,0.028928752,0.043401938,0.051471407,0.020646862,0.027736018,0.151400288,0.027383593,0.06126392,0.193399533,0.024142553,0.072890458,2.53E-06,0.096995134,4.74E-05,4.74E-05,1.96E-05,1.96E-05,4.74E-05,0.130644999,0.152825474,3.50E-05,4.74E-05,3.50E-05,0.030348084,0.02606657,1.48E-05,4.74E-05,0.054991836,4.74E-05,6.49E-05,4.74E-05,0.042916029,4.74E-05,0.026454478,8.99E-05,4.74E-05,0.024086446,0.032210912,4.74E-05,8.99E-05,0.031032123,0.000126098,4.74E-05,4.74E-05,1.96E-05,4.74E-05,0.029167852,4.74E-05,4.74E-05,2.61E-05,6.49E-05,3.50E-05,6.49E-05,0.02673728,3.50E-05,4.74E-05,0.034008147,0.066729496,0.067006451,4.74E-05,4.74E-05,0.030270934,6.49E-05,4.74E-05,6.49E-05,4.74E-05,4.74E-05,0.043414362,0.193427367,0.035653702,4.74E-05,4.74E-05,4.74E-05,6.49E-05,0.049333323,6.49E-05,4.74E-05,8.99E-05,8.99E-05,0.117331536,8.99E-05,0.035708607,8.99E-05,0.155304731,0.124714195,6.49E-05,0.026454478,0.073619732,8.99E-05,8.99E-05,0.068050408,4.74E-05,0.148800132,4.74E-05,3.50E-05,3.50E-05,0.060884121,3.50E-05,0.038912415,3.50E-05,4.74E-05,0.060525659,4.74E-05,0.218238063,8.99E-05,4.74E-05,4.74E-05,4.74E-05,4.74E-05,0.030989477,0.030989641,8.99E-05,4.74E-05,4.74E-05,0.028973499,4.74E-05,0.041983088,4.74E-05,4.74E-05,8.99E-05
8.23E-07,0.105003507,0.050520481,0.266941374,0.086981241,0.06698937,0.03900735,0.052520815,0.041854887,0.02069434,0.352017349,0.037963006,0.040738109,0.064851042,0.043884804,3.20E-06,0.077163159,1,2.53E-06,0.079752384,0.051480864,0.017374096,0.021984639,0.056205442,1.27E-06,0.03986896,0.022404783,0.070539117,0.040422107,0.054020699,0.056673914,1.27E-06,0.072694241,5.38E-08,0.047544457,8.23E-07,1.59E-06,2.00E-06,0.01657169,2.00E-06,0.352018943,8.23E-07,0.042440275,2.00E-06,0.024159459,0.045519085,0.01945745,1.27E-06,1.27E-06,2.00E-06,1.27E-06,0.114152805,2.53E-06,0.014496341,2.00E-06,2.00E-06,8.23E-07,2.53E-06,2.00E-06,0.121348694,2.53E-06,0.129376235,5.38E-08,6.65E-07,2.00E-06,2.53E-06,2.53E-06,2.00E-06,0.051912868,0.0206925,0.034345314,2.00E-06,0.014861259,0.019845358,1.59E-06,0.020692197,0.048170496,0.056206716,0.016569228,0.058328907,1.12E-07,0.077142614,1.59E-06,1.59E-06,5.39E-07,3.58E-07,1.59E-06,0.10910688,0.040423018,8.23E-07,1.59E-06,2.00E-06,0.022863597,0.018673028,1.02E-06,1.59E-06,0.041796616,1.59E-06,2.00E-06,1.59E-06,1.59E-06,1.59E-06,0.018905937,1.59E-06,1.02E-06,0.017246448,0.024192615,0.116466106,1.59E-06,0.023327175,2.00E-06,1.59E-06,1.59E-06,8.23E-07,1.59E-06,0.021986165,1.59E-06,1.59E-06,1.02E-06,1.27E-06,1.27E-06,1.27E-06,0.019155289,1.27E-06,1.59E-06,0.02707832,0.05046033,0.179661316,0.145518632,1.59E-06,0.024110643,2.00E-06,1.59E-06,2.00E-06,1.59E-06,1.59E-06,0.034345838,0.056207036,0.028352232,1.59E-06,1.59E-06,1.59E-06,0.119161228,0.041193376,2.00E-06,1.59E-06,2.53E-06,2.53E-06,2.53E-06,2.53E-06,0.028353484,2.53E-06,2.53E-06,2.53E-06,0.157367316,0.018906869,3.20E-06,2.53E-06,2.53E-06,0.051483367,2.53E-06,0.043464117,2.53E-06,2.00E-06,2.00E-06,0.047298337,1.27E-06,0.030870831,2.00E-06,2.53E-06,0.045878713,1.59E-06,0.06699128,1.59E-06,0.157243857,1.59E-06,0.167472381,1.59E-06,0.023327054,0.023327175,1.59E-06,1.59E-06,1.59E-06,0.020693378,1.59E-06,1.59E-06,1.59E-06,1.59E-06,1.59E-06
0.000382635,1.16E-10,2.91E-12,4.51E-08,6.49E-05,4.39E-07,0.039473259,7.19E-09,2.11E-09,0.045734261,7.94E-11,1.63E-07,9.00E-12,1.13E-05,2.05E-11,0.000892798,8.99E-05,2.53E-06,1,1.27E-06,1.35E-07,0.00142763,1.02E-09,2.94E-11,0.000892798,0.007940352,1.57E-09,5.22E-06,1.27E-06,8.43E-09,0.000892798,0.007940352,3.31E-09,1.48E-05,5.22E-06,0.000382635,0.00057677,0.000382635,0.000126098,0.007940352,0.004183245,0.002378498,3.50E-05,0.007940352,1.96E-05,3.20E-06,8.69E-06,0.002378498,0.002378498,0.002378498,0.002378498,0.002378498,0.016981901,0.007940352,0.002378498,0.007940352,0.000382635,0.016981901,0.007940352,0.007940352,0.016981901,0.000126098,8.23E-07,0.000126098,0.196358163,0.016981901,0.004183245,0.007940352,0.004183245,5.22E-06,0.002378498,0.007940352,0.007940352,0.004183245,0.016981901,0.00142763,0.000892798,0.002378498,1.59E-06,1.27E-06,4.74E-05,0.19389222,0.016981901,0.016981901,0.000892798,0.000179431,0.016981901,0.002378498,0.004183245,0.000382635,0.016981901,0.007940352,0.007940352,0.007940352,0.083555633,0.004183245,8.99E-05,0.016981901,0.007940352,0.016981901,0.016981901,0.016981901,0.016981901,0.016981901,0.004183245,0.004183245,0.016981901,0.00142763,0.016981901,0.016981901,0.007940352,0.016981901,0.016981901,0.000892798,0.016981901,0.016981901,0.016981901,0.016981901,0.00142763,0.002378498,0.007940352,0.007940352,0.00057677,0.007940352,0.016981901,0.004183245,0.007940352,0.00057677,0.016981901,0.016981901,0.016981901,0.007940352,0.016981901,0.112424059,0.016981901,0.016981901,0.004183245,0.016981901,0.007940352,0.016981901,0.016981901,0.016981901,0.007940352,0.007940352,0.007940352,0.004183245,0.016981901,0.138389916,0.016981901,0.016981901,0.016981901,0.016981901,0.016981901,0.016981901,0.007940352,0.016981901,0.007940352,0.016981901,0.210961566,0.016981901,0.016981901,0.016981901,0.016981901,0.007940352,0.007940352,0.016981901,0.007940352,0.016981901,0.007940352,0.016981901,0.007940352,0.016981901,0.002378498,0.016981901,0.016981901,0.016981901,0.016981901,0.016981901,0.016981901,0.016981901,0.016981901,0.016981901,0.016981901,0.016981901,0.016981901,0.016981901,0.016981901,0.016981901,0.016981901
2.93E-07,0.421325223,0.068634293,0.063352335,1.12E-07,0.086432958,0.055630044,0.071494887,0.059837924,0.030058597,0.061673932,0.054016623,0.058162216,0.083535301,0.059228188,4.39E-07,0.10034691,0.079752384,1.27E-06,1,0.070006586,0.023495745,0.030097088,0.076792636,4.39E-07,0.05685885,0.030707042,0.091262024,0.060737172,0.069009797,0.072545781,1.02E-06,0.09420762,3.18E-08,0.064400025,2.93E-07,5.39E-07,2.93E-07,0.025020051,6.65E-07,0.061674755,6.65E-07,0.05719607,1.02E-06,0.033265464,0.065369088,0.024808101,1.59E-06,1.59E-06,1.02E-06,1.02E-06,4.39E-07,8.23E-07,0.020634874,4.39E-07,1.02E-06,6.65E-07,8.23E-07,0.068389608,6.65E-07,8.23E-07,0.152451678,1.16E-08,3.58E-07,6.65E-07,8.23E-07,0.097989849,6.65E-07,5.39E-07,0.030057709,0.045145695,6.65E-07,0.021180122,0.028746352,8.23E-07,0.028230026,0.062679773,0.076793301,0.025019865,0.136089364,6.44E-08,0.100317853,8.23E-07,8.23E-07,4.39E-07,0.025677622,8.23E-07,0.25194364,0.060737666,4.39E-07,8.23E-07,6.65E-07,0.031373488,0.02694412,0.015849576,0.026380761,0.056292304,0.096162253,1.02E-06,8.23E-07,8.23E-07,8.23E-07,0.027301674,0.091208716,0.044463115,0.024770618,0.033314607,8.23E-07,1.27E-06,0.032048382,1.02E-06,8.23E-07,8.23E-07,4.39E-07,8.23E-07,0.030097813,1.27E-06,1.27E-06,8.23E-07,4.39E-07,0.08224948,6.65E-07,0.027684702,6.65E-07,8.23E-07,0.035064884,0.068627665,0.06892347,8.23E-07,8.23E-07,0.03103252,1.02E-06,8.23E-07,0.048315009,8.23E-07,8.23E-07,0.045145569,0.076793459,0.03681019,8.23E-07,8.23E-07,8.23E-07,6.65E-07,0.051066702,6.65E-07,5.39E-07,8.23E-07,8.23E-07,8.23E-07,8.23E-07,0.036810348,8.23E-07,8.23E-07,8.23E-07,1.02E-06,0.027301223,1.02E-06,0.139895478,8.23E-07,0.070007332,8.23E-07,0.058635,8.23E-07,6.65E-07,6.65E-07,0.062306828,6.65E-07,0.040287846,1.02E-06,8.23E-07,0.062039941,8.23E-07,0.086433943,8.23E-07,8.23E-07,8.23E-07,8.23E-07,1.27E-06,0.032048205,0.032048382,8.23E-07,1.27E-06,0.068559725,0.030057789,8.23E-07,8.23E-07,8.23E-07,8.23E-07,8.23E-07
